1041
7334
2169
3478
9962
6705
6281
1961
3995
5827
6391
4902
1292
9421
2718
6447
6771
2869
8667
9035
2703
5322
9673
7141
2253
8547
6662
3037
9723
1529
4316
5190
1288
1040
2264
1446
7890
7370
7006
7393
2629
7084
1756
5966
5931
8944
7626
6537
8118
5929
5833
5639
5704
5977
5673
6021
9924
7270
9777
6097
6986
1161
5355
6655
5031
1350
8941
5966
5107
1007
7457
1753
6945
6209
7221
7422
1506
8413
1900
1762
9410
1624
4548
1595
4602
2291
1374
5596
1348
2668
9281
1053
9418
7900
1127
4728
7648
9807
6310
5813
6309
1935
3600
8519
5798
7224
6844
6989
4195
4093
4523
3314
8448
5458
3580
6798
2589
2009
3472
1538
7038
1190
8958
2815
2156
8202
7272
3328
9362
1875
3869
6844
4881
2322
2021
4557
1892
6075
3600
4003
9861
5401
7255
6002
7182
1088
2617
1832
5169
8721
2976
3368
4425
4434
8441
4145
4718
8139
8279
8687
5549
2866
1193
4297
2286
7488
4455
1114
5316
6786
5313
5185
1912
2832
5313
2321
6646
1481
6196
8129
6535
3173
4044
9292
9253
9154
5745
5186
5474
3168
1787
9958
2202
9477
1314
3334
7372
3833
8487
8518
9773
2763
9192
4102
3213
5802
4527
2543
3023
5061
5003
9505
5725
9492
9222
5064
2187
5413
6270
1235
2711
1896
8285
1140
3695
2019
9576
5658
9371
5678
6851
2018
4119
3800
5060
1010
6170
1576
4043
8164
8882
3565
3577
3625
6629
8423
7902
1123
4737
2195
2264
7202
6030
3011
7411
4153
